4189
15094
15879
5008
13687
12901
7000
5765
15305
13681
10741
3332
13423
4516
5272
13560
3333
4520
5009
14577
15339
12417
6504
9828
633
11002
14182
15019
11402
12648
16018
7688
3334
1699
10603
5766
14203
3335
12748
15437
15628
15279
15699
15696
15302
15692
15301
15310
15249
15549
15254
15290
15698
15544
15695
15296
15442
15251
15490
15250
15297
15252
15581
15314
15256
15488
15255
15604
15300
15459
15598
15385
15686
10793
10698
14139
5767
172
3336
5768
12184
10885
13088
173
16257
5769
10636
1920
3337
9515
4521
5010
3338
15213
15214
4514
2419
13096
13253
15334
3339
14202
10388
1313
3340
8808
2572
3341
3342
11609
9523
15850
634
3343
16312
13289
13210
14846
12826
14886
16423
13042
13047
13621
11882
11881
11637
5771
7689
14424
176
4513
4518
7690
10416
3344
6587
12114
15370
177
4190
15561
11782
10720
3345
5013
3346
3331
11102
8655
8656
5772
7691
3256
3366
11674
1677
2736
3794
3984
11246
13835
12675
5273
13433
5773
5774
5775
5776
5781
5782
5783
5784
13641
13373
4522
3347
11809
3348
5779
5777
5778
13214
5780
2177
5014
3349
5785
5786
5787
5788
5789
5790
11779
3351
2453
5791
13499
13500
13501
6777
5015
3352
8123
12750
3353
1384
5792
5793
13961
12580
1877
3354
7002
7001
3569
1948
15994
16465
5794
7032
14786
1385
6650
12010
14136
11210
3355
7208
15112
3570
3356
14669
179
3357
3571
6779
3358
14171
15168
15264
4517
3359
8809
2445
3572
5274
3360
10742
2178
3573
5016
7692
5795
7003
12434
12031
3361
2593
5798
9160
13561
2449
3362
3363
9161
1386
8255
8253
8254
4058
12210
13767
3364
13948
13420
10794
180
5796
2179
3574
7329
3367
1603
2180
12983
3368
11875
12894
10637
15505
11829
13837
15002
10923
11124
15261
15125
1621
14312
847
16537
9301
9302
4519
3576
9300
12144
12358
183
10762
5800
13145
13931
3369
12879
12878
2652
3577
3578
2238
11530
10566
3579
8878
4779
4059
14180
4568
13411
652
12324
1417
3580
1230
12513
4060
9162
2464
3581
13393
3582
2483
11944
4061
9163
13377
13038
1554
14155
12833
14137
7469
5068
5961
10608
10890
10891
14156
5053
14430
10479
5973
11571
4733
14911
15903
16324
16325
4157
8071
6624
3619
1569
5060
8320
9533
11978
16481
16485
5061
5062
590
8894
8893
3620
8895
8896
8897
5054
2244
226
10225
12846
12847
7562
12848
12849
12850
15351
3622
3623
7350
6659
1763
8072
8073
12659
848
2239
14278
10642
1555
14651
3584
11421
5962
7036
3624
7035
1556
14615
15093
7235
14007
15232
15113
3625
4064
9328
9532
4566
9165
5056
4570
227
228
3626
10756
4195
4062
9164
3627
11683
13795
11089
1557
1869
4043
8068
12895
7234
11460
8448
10903
13293
229
236
12672
11853
1558
13564
7042
12976
13787
11039
13432
850
1231
11048
10988
1414
5057
12924
3589
7034
10379
2432
10410
10380
6384
3173
11461
3585
5963
7008
10011
10807
3587
11663
15807
15847
8074
11021
11537
8879
3588
10442
8885
8880
8881
8882
16522
8883
8886
8884
6885
11871
10367
10372
10370
10381
11690
10383
10412
10376
10375
3628
10373
2802
11006
5964
3629
6193
5578
2548
8494
6805
10724
12325
15736
16320
16321
12326
15016
2075
3590
7345
7346
7347
12435
3630
5966
6385
3591
10302
3631
8069
10301
10303
3592
16238
4156
4193
16001
3594
3633
653
15050
7348
3596
10892
15577
1562
13382
3597
11721
8898
16319
12060
12061
2233
3634
3598
8351
1680
16285
8899
231
7037
7230
1563
8900
8318
7349
11628
7563
14088
3599
13306
3600
2234
5298
14916
1565
3602
4565
14143
11087
3601
6623
15739
16463
2421
6804
3603
3604
1782
4030
13305
4194
14064
11633
1455
12985
1566
5968
5975
1567
3605
3606
14311
3617
5969
14284
232
3607
5974
3608
3609
13039
11993
8070
6806
3610
233
2236
8447
2664
5058
10481
11859
3611
2241
11015
1255
4063
3612
12791
2237
5296
14903
7039
7351
13900
13901
7233
13963
2502
5055
3613
15260
14744
12361
12514
4569
5297
13091
11232
16650
12934
3616
8887
13171
5970
15627
15631
3614
13412
11505
10806
5059
2232
12062
5971
5972
654
8319
12774
1568
15088
13164
11593
11664
14101
1572
10808
3635
852
13520
4572
6808
3636
3637
12402
1573
8328
3638
2620
9971
6660
9973
9972
9975
9974
8903
3639
8901
8902
3640
1707
8370
8369
1574
1799
3642
11265
4780
3644
5063
8211
8212
13768
11059
15493
11453
15441
7237
15082
591
15433
4781
9405
14947
3646
5064
3647
1575
13113
12911
12910
4573
11911
3649
15337
3650
5065
12969
3651
13899
512
13854
1576
8329
16458
10809
7238
10666
5066
14661
2580
5977
13271
7045
15374
3653
9534
1800
5067
15621
5976
16239
10401
238
11677
5978
12834
14548
7473
7124
14261
8075
3654
15336
14108
14459
12341
854
8076
14039
13085
13247
11447
3656
6663
6661
6662
3657
3658
13711
1577
13517
7352
3660
5299
8415
8420
1865
8414
8418
8419
8416
8417
13844
4065
3659
13798
5979
10810
3661
12201
5069
14912
5163
5070
239
10811
11233
11539
16315
10702
15622
14597
4110
4574
6277
14331
6809
4066
1579
14478
15333
2537
4213
10545
6691
7515
4008
6566
7129
13911
15245
1720
14540
10993
14555
4214
363
364
9128
9127
9129
9130
9131
4010
11408
4774
365
4215
5341
4011
4216
5164
10713
15415
15843
10994
10995
4162
5165
10844
10996
5167
1059
1060
8162
10969
5166
6274
6275
10845
2381
7130
7135
4212
7132
9402
4775
9397
9398
9399
9400
9401
10048
7134
10057
10058
10047
7131
10049
10053
10055
10052
10054
10050
10051
10056
366
9132
4012
12399
5342
4013
4014
11540
4776
16516
12591
13255
12202
1755
1754
13660
3038
4443
7640
402
824
97
7642
10261
10262
10264
15846
505
7641
4959
3035
1364
15563
7552
2696
1109
7312
5632
15875
13833
10131
10129
10128
10130
1495
2561
14280
3037
2112
4436
4236
4444
4960
13429
1616
12553
2102
3042
3982
6592
2103
3043
3044
13653
13809
14981
2104
12631
4439
5634
3046
3045
11194
2662
5635
1111
6457
3047
10778
3048
14479
15853
15540
5636
2105
6742
11929
8708
8706
3049
8707
6963
10908
3050
3051
1857
4961
7553
2106
2637
7643
5637
11802
10437
12190
15869
2110
11205
11121
11206
6964
11868
3052
13870
14061
3053
16322
7123
14445
15315
13957
7428
6634
9964
9965
10662
3054
3055
6741
3056
8709
9497
4962
6635
2764
2108
8442
8240
1365
8241
8242
506
403
1686
3057
6458
15691
2385
7644
579
5638
8710
3058
8712
8711
14503
696
697
2638
3059
4181
3060
14894
13806
12575
13995
11261
5237
11856
11260
3061
5639
13443
13157
4182
4963
1667
5238
4183
14228
4437
4964
9278
9498
9279
9499
3062
6636
9966
12751
13675
14737
7313
1437
12884
4440
1636
6977
2109
1404
11934
3064
1617
9768
6459
4965
4434
10528
6637
2601
8506
8713
3065
8718
8719
8715
8714
8716
8717
11451
2469
5239
700
3066
1618
15161
2592
3067
4435
3068
1366
8720
8243
8721
8244
8722
8245
12625
100
101
16012
2612
14283
12608
7430
4966
3069
15247
6965
6460
15618
14596
15941
701
6461
4431
8281
5240
1438
8282
103
6462
9769
3070
1687
13615
8106
6463
9770
9771
10493
104
15133
5641
12698
4237
7554
15861
2433
3071
3073
5642
14655
15805
16457
4122
12662
105
899
11760
106
5643
15169
2288
6743
14003
12469
12854
10646
15230
13239
9772
6464
16338
9773
12132
15689
14576
13769
5644
12131
3075
15599
5094
11331
15714
13295
8283
900
1439
1367
8246
3076
2704
11418
11806
14658
14342
12329
13023
15032
15033
15034
15000
3077
13527
13509
13510
4602
13508
10560
7645
10578
266
5645
10881
15960
4438
2698
14779
13208
11091
1113
4217
1507
9213
12722
2699
15973
11424
15938
8297
367
14799
12799
1207
2700
1280
6414
11697
13397
13117
13400
1723
13007
7136
12440
5169
1724
1725
1726
8525
13079
5168
14023
1727
2702
8373
8374
8375
1631
2703
5170
13068
4725
6567
10818
8372
8371
1632
16459
11088
15964
5600
7506
7510
1508
1633
5171
4777
1634
11892
1635
5172
13704
13895
7361
1729
11614
11890
10673
13778
15373
10157
371
16433
10894
1730
4723
13006
5173
10846
1731
12312
11895
9987
6052
6054
6053
6064
1509
6055
2706
15749
13401
2707
10745
1510
10456
10459
901
12685
2708
11449
267
6056
11525
4614
9245
10647
10429
6057
2709
13070
12658
12948
11832
10441
15067
2710
4612
12971
4081
4082
2712
4607
2713
904
10862
7064
10025
10026
12313
3079
3078
11742
5646
4442
456
11384
2577
4968
2111
5242
8732
3080
8730
8731
6348
13339
11689
3081
3082
15450
3083
3084
3085
1770
10491
10755
15349
3086
3087
4441
4969
11769
5647
11996
13766
14598
3088
6399
11839
13442
6435
1619
10682
12812
7184
13543
10027
1637
10028
11820
10029
1638
2521
5174
14287
1639
14868
8338
13551
8339
5095
11073
4084
13853
2714
1640
1511
7137
10819
10158
4606
15162
1512
7497
6058
11082
6820
10847
15562
1283
15919
1641
14122
13647
2715
1732
5096
14092
13867
1804
2278
4724
1678
9404
10460
4778
2279
9403
12886
6568
10983
9938
8220
14793
453
1284
2716
1728
2717
1642
4608
1734
15156
16491
15444
11425
16490
11542
11840
4015
14515
8376
4098
8377
5097
8378
905
14777
1784
1735
4844
6679
12472
1736
2718
10734
8526
10735
12220
10848
13552
1643
11709
11753
11745
2280
11463
13343
2719
13093
12398
13460
2720
5098
762
15495
2721
5099
5595
8529
2722
8527
8528
4610
14263
4603
4609
15876
593
14407
15704
14116
7066
4137
6060
386
12994
4104
14836
385
16027
16028
6821
15548
2581
2723
1513
2281
15176
15174
15177
9720
14564
6061
14826
14268
10895
14896
14141
14140
11570
1514
7067
15325
2724
14487
2725
12533
10458
2726
906
7068
12603
11008
14932
13005
6062
1416
907
908
13217
5306
12944
521
11754
6063
11698
8107
910
271
10955
6822
7362
6823
7363
5100
10950
7479
2282
12460
7364
7248
15114
5101
12844
1516
10362
4138
6824
2730
6873
15335
5307
12001
11650
7537
5102
10820
15288
7365
13123
911
4604
9341
8108
1239
13260
1708
6391
6546
9918
9917
12898
7366
490
7249
1709
2732
14654
6065
6066
6067
6068
6069
6070
6071
6072
12573
12174
12713
15273
12845
2284
6825
6073
10896
14738
1956
272
2285
12947
13310
913
2693
2733
10473
6075
6076
14594
13136
6074
14754
2563
12462
2735
2734
10746
2286
915
4605
1518
12365
10449
13484
2737
15476
916
7069
10094
7251
10086
10088
10087
10089
10091
10090
10092
10093
13796
5103
6078
6077
7480
12441
12221
8309
4843
1240
12222
11755
12381
13753
14549
13914
14293
14294
14427
15128
15164
16428
14323
15998
6827
15940
15995
12981
11598
12666
12223
11756
387
2287
7070
16135
14473
13407
5310
8109
8537
2738
8538
8539
4105
11676
15752
11675
11785
6079
15265
11603
7481
14183
13955
15216
15400
11757
12224
14065
11056
7071
6392
2277
12225
2739
2740
917
13029
16448
9342
9549
4611
5104
7482
2573
10322
8110
7483
1668
13924
2424
1710
4613
14474
7484
8111
15454
13151
7072
2741
2742
10033
7073
10030
10031
10032
10034
10035
918
1501
2743
11758
274
16425
13452
6393
13740
6828
2289
1460
13165
2744
6081
10428
1241
2745
7074
2290
12226
14066
6082
2746
14019
12567
6829
2747
2748
2749
2750
11860
15447
10648
2291
15051
2751
1242
13383
14773
10037
10036
7075
14121
275
2752
2292
7252
4139
7367
11940
14126
1756
5105
2754
12007
4198
8112
11464
6394
15100
15101
15102
15103
2755
8540
8541
8542
8543
8544
8545
8546
8547
8113
6083
6084
6085
6087
5217
6086
15496
12770
14221
5188
2766
8548
8549
8550
8551
16224
2769
1669
14495
15485
12717
12649
10909
14987
11797
14870
737
15178
16378
5405
5409
14264
10571
18
15547
4319
2768
8552
4463
9288
9289
2770
2533
2634
12015
12016
14400
717
1962
15206
4308
14757
14756
14758
14759
14760
14761
14762
14763
14764
14765
14609
14766
14767
1963
1964
2762
14610
1876
7572
14534
10435
15654
11573
5358
655
2756
2763
10619
11236
10478
11487
11237
4312
1210
1149
718
6884
10856
15089
13369
2765
5360
2466
2465
5359
4459
5361
1761
15939
4865
7390
2767
12815
4451
4867
4866
5
7391
11255
10116
1339
12954
6326
1173
1174
6692
7149
1005
9432
4868
9437
9440
9434
9433
9435
9436
10977
9438
2397
9439
14532
13403
1967
15962
15504
7392
15613
5496
15703
11968
13051
12784
12785
13678
11084
12762
11919
13737
4388
14142
15179
4389
11574
9265
13344
14279
15449
5362
2887
1498
5363
4376
4364
12512
2888
1913
12380
7611
1006
14080
5498
14929
5497
14218
1910
13225
11083
1911
11887
1101
1912
2889
11240
2426
474
13463
1909
2890
1152
1393
2891
16307
13773
11120
16308
5499
13930
5190
6490
10423
13262
2892
15632
12409
12839
51
6
2893
2894
2626
16213
4869
4390
12913
5365
52
13296
15828
15267
4333
5366
15286
12376
10572
13347
1178
14109
2895
13695
5500
7612
15756
2412
2896
15757
7296
16542
15758
806
12282
12726
14897
5501
1304
1682
6917
4464
6709
5502
608
13017
14024
6327
12669
10583
10661
14078
5368
577
2898
12937
5504
1179
15124
1220
16529
1672
14025
2047
12100
4454
4351
4914
6694
2049
1180
2610
10694
2771
4377
14117
15738
10117
12344
14127
4872
2050
2899
2388
2900
15614
4873
14077
12975
8170
10454
10465
8173
10464
1916
1939
4378
8169
12619
53
8167
2902
7297
8168
12925
13729
8171
13360
5509
8172
11510
16226
5505
6439
6574
9707
807
12829
2456
13994
5506
7613
5369
11382
13398
5370
2051
1670
12215
11390
10620
11577
7614
11811
12046
5215
6887
12519
11909
12814
13716
7615
13529
560
10595
12749
2052
2053
1009
11078
12348
11731
11780
11764
2903
4916
5607
2904
5216
13936
1606
5371
10913
4915
4309
6918
6710
15059
14133
5508
1181
14736
2054
12419
13869
5510
7573
4367
2775
13528
5218
10227
9571
12328
7574
6712
5511
10226
4368
2772
4369
13943
2773
2494
2906
14834
5512
2575
15387
15355
9710
8553
6440
9708
2774
9709
9711
656
9712
4379
10766
11624
2907
2776
2361
7616
8555
5515
5513
8554
2055
2056
14918
12821
16471
6888
6336
1182
5514
13469
11444
10521
10522
10549
10523
13470
4800
11479
6684
12906
10613
12622
16514
12767
12697
4874
4391
3744
4918
1768
5373
7545
4380
11192
2908
12284
14978
1940
1106
12656
14328
14485
9763
9762
1010
6449
9758
9760
9764
9761
9759
13871
11641
14825
2909
13830
1130
6441
7175
15061
4919
2910
7414
2046
4920
7575
11432
1807
12620
1011
14372
4392
5374
16536
8331
4839
1607
13361
9423
2912
15950
2599
13688
13539
7576
13557
5516
13194
2913
662
15456
663
11671
6600
6601
15533
11639
2916
4875
6602
665
6594
14096
6920
720
808
13726
2058
5517
12089
666
1107
7577
2917
15309
4876
5518
12588
11023
7298
12602
7578
884
1012
2919
2920
13593
2921
15367
12928
2922
4349
8556
13582
2923
8557
12040
5520
8558
10914
4371
8560
6713
5522
8559
11369
5376
15062
11100
2454
12345
4381
719
2924
7618
5193
5523
14998
12378
15077
4372
11828
55
4334
4726
14211
4176
5336
12796
6921
12702
10353
10524
14857
5219
2925
424
5524
2927
556
2928
5526
9270
5525
14653
4430
2929
2930
9271
16658
9276
2066
12745
9273
56
1608
9272
4382
4921
9274
9264
9275
9469
2931
2780
5528
4834
1092
9421
5527
13363
2932
12617
10550
12916
5529
397
14838
880
2933
7299
1212
6599
1609
4455
11347
4383
16347
15949
14219
1969
5530
1013
1874
12572
1153
16235
2935
11695
5531
15060
2060
4327
11359
4922
2689
5380
5220
5533
11094
10118
7579
1496
15394
12677
7580
5546
2515
13628
11602
5379
2062
6922
12207
1900
5535
13555
2063
13430
13196
5536
1014
4343
10758
10852
13859
2936
11870
4320
5537
2937
1183
9260
9470
4321
4352
4923
16419
1673
15148
1433
13951
13031
13427
16548
4465
9714
9715
4877
6442
9713
1972
9718
9719
11380
9716
9189
9717
10252
4115
7619
10253
9188
10254
10255
9187
10256
2938
4314
5538
2939
9241
2940
6591
7581
6593
57
721
6589
11844
6597
5539
2680
668
5540
2512
5541
2064
2507
12609
12333
2529
12963
1941
2508
9192
4119
12530
669
6443
1154
4353
5381
6576
4448
5543
5545
7394
11433
9240
4384
4346
4313
5382
5550
12819
5547
7620
11656
4935
1157
10869
1158
2635
11488
1757
1426
10871
13882
10870
11625
5548
5221
1973
12640
2065
4385
6583
13459
6276
10119
12138
15825
4394
8183
12605
8184
4365
14647
9261
4344
5383
10625
4354
4466
14302
15737
9290
2067
8440
1340
8441
8227
2434
1039
10959
4328
7546
10958
13797
5222
11060
12457
13022
11080
16487
1213
723
12408
11836
11643
14572
14562
4386
14750
2068
13052
11819
5384
724
12727
11955
15610
13610
725
1610
419
14217
8332
8333
6889
8336
8335
5386
1611
8334
5385
15418
5552
1879
59
8428
7300
5551
8422
2415
4925
8423
12384
6337
8424
7415
13100
8425
14046
14047
8426
14048
8427
11578
13558
8429
6717
2942
8430
5223
7621
2627
670
14922
726
1354
8231
9677
11816
11579
6415
11580
15840
1355
8232
4116
6596
4329
1015
7416
8645
9191
2943
1356
9190
14299
13134
4117
2071
11568
1891
5553
15694
5387
11009
13783
1681
6923
15518
11765
2072
671
4460
4330
4032
1342
9140
2600
14241
16447
10467
11874
672
13311
15468
2944
11902
13451
14491
1427
13810
2596
15207
13819
13818
12715
13816
5555
11074
12432
11434
10551
12852
12405
2784
7622
6338
14232
5557
5556
14480
15701
5224
1184
10525
4926
10502
1817
2690
7582
4927
1203
4315
5558
727
14519
11644
5388
2074
12285
10504
61
12692
2628
6890
882
528
1664
8344
4310
1389
15921
11201
11095
11096
13220
14794
11116
11097
11354
11355
8475
9481
2435
4928
8474
9480
8476
9482
4393
11986
5560
6719
15004
2399
2886
13831
8646
2946
9722
6444
1683
12781
4387
6721
9592
5561
1868
14865
13540
13898
12674
4359
4358
7623
15160
5563
2947
5562
15242
16014
885
62
16441
12594
15038
4345
1612
7624
4929
2076
11837
13297
1613
11117
4331
13414
11118
1357
8233
1975
8234
8235
7283
8236
8237
557
11435
15393
12429
13043
1614
10121
7606
10122
10120
12430
16343
14820
4366
1976
7625
7626
10505
676
4355
10552
9483
4930
1016
9484
13224
14512
10495
2077
14475
6604
1394
2782
7301
2950
5194
8652
4340
7302
16421
14015
5565
5390
5566
15095
3461
8842
14454
13587
11687
1977
11437
1928
11945
609
16444
5389
1161
1760
1162
2504
10621
14207
4326
14206
4332
1762
11552
11489
14904
9723
730
6445
9724
12213
12693
4373
1982
5568
5567
4323
2951
1674
12346
6924
12195
5195
4348
11257
10506
1434
5569
11801
7303
6723
14172
2953
4931
732
7547
5570
15842
2954
8653
529
2078
4361
1017
7627
1018
4360
8654
10399
13191
1040
2783
7176
7177
8561
12397
11458
8562
11658
13444
11798
8230
1353
13067
10507
11854
12360
15823
6724
1808
10585
9248
4341
5196
9251
9254
4324
9249
6416
9250
9252
6571
9253
4395
13702
7628
13004
15586
4396
1853
5391
2590
2496
733
15063
2957
13664
1041
10774
5392
12967
5572
14778
10727
6590
10517
6726
11058
1019
12286
5573
10509
7304
7629
10508
15001
9744
9943
9745
9743
6572
6448
9748
9944
9749
9945
9747
9746
1163
9752
9753
1428
9751
9750
9757
9756
12082
9729
9730
10510
9728
6447
9733
9734
11202
9732
9731
10511
9737
9738
4879
9736
9735
2785
9742
9741
1978
9740
9739
12043
9755
9754
4727
64
15688
1164
5574
4356
735
2497
5575
6417
5576
9262
11766
9493
7284
9263
9494
7398
4370
9492
1166
4934
4362
10586
2080
4335
12585
6628
4120
1852
5577
2670
5393
4933
15615
1803
1102
6927
10658
4336
10556
10389
4337
2081
10690
11718
14590
10622
65
417
1020
14592
4374
10691
11438
2499
10512
11203
5579
15455
5580
13267
16532
1134
66
9243
11654
10679
4316
11025
13384
9242
4177
6727
9244
810
9246
5394
4338
9247
11569
2484
4347
5395
11026
738
2960
678
739
67
15189
4461
7630
2961
15117
6376
11706
15709
12630
400
16006
10865
15360
426
2962
8657
11490
13927
680
10472
12283
9946
1103
13227
9947
11848
2671
9950
13612
10965
9949
4363
14164
6573
2963
11999
9948
2649
6630
5396
13575
4937
4111
5581
4339
7285
14223
4034
1186
12779
12657
4880
5582
13940
2611
11763
5397
5583
15064
2787
15419
7548
4311
15431
2085
9238
14860
681
9239
10739
12069
5585
8175
2084
13372
4486
10875
2094
8174
10259
10257
8176
7631
10258
8177
10260
7419
8178
2688
8179
13471
1615
12024
2789
2964
13365
5197
4938
4357
15451
12562
12025
10
14128
1104
1979
1929
12047
10513
4939
10557
7583
2083
4375
16332
10558
2965
2791
4940
2966
8586
2967
12632
8587
13193
10540
13245
14582
12794
12
6893
502
12571
14167
14168
13
7584
12151
13030
501
7585
1980
13661
13721
12601
14559
15443
14845
10715
1187
11502
1759
1217
11034
11035
15457
14550
11238
1169
10587
15916
740
16493
15811
2792
10976
13346
11042
13981
13983
5399
13160
12612
13604
13606
14026
14027
4462
13605
15229
7586
4452
4882
5400
6697
2793
8588
8590
8589
12352
6330
4325
8591
2794
16455
13584
13919
12923
6419
9681
9682
9683
13976
1882
8431
8361
8360
1694
8362
8363
8364
5402
5200
5403
12076
5201
13364
2623
4447
1390
4883
1984
13677
10623
2514
5404
6339
10518
15
1985
13032
1189
16
13758
6595
9952
9953
1343
10767
1126
2795
2796
14162
13912
1986
741
9287
9450
4453
4884
14601
11814
5406
6698
12096
5407
1094
13216
4107
1989
5408
6354
1192
19
1022
1292
7399
10108
1193
742
13261
12577
12670
10934
1990
12382
15809
11113
11114
7286
743
461
422
12707
12708
7400
4457
4458
1991
2798
13119
7542
4318
4885
1344
8228
11615
9451
4886
13682
7401
11072
12406
13204
13286
1992
13228
1023
15403
15404
15405
2598
21
15719
7287
13644
9693
6422
9695
9694
9697
9696
9699
9698
9684
6421
9686
9685
9688
9687
9690
9689
9692
9691
9701
9700
1958
12092
14743
1198
1197
20
13370
1199
12613
11098
4887
7587
13805
2799
15180
4322
4031
11417
1741
1721
12699
12798
13823
15871
1644
6280
1737
10346
8163
10343
10344
10345
5175
8164
11810
10159
13673
2534
1904
8380
1738
8379
12149
12145
12146
12147
12148
12150
1739
1064
13025
1067
1645
1740
5343
14798
13026
997
6279
13222
1742
12523
12723
2530
13954
6569
1743
7525
1646
13861
8340
1647
8341
8342
1744
10757
4741
13629
12337
1648
1745
5177
12315
12309
15867
5344
601
1650
1651
4218
1746
1649
10849
12458
11936
375
10689
7526
7517
7516
14928
12654
1652
12310
12568
14215
1747
8277
1425
8275
8276
8278
1086
1654
1655
8343
7138
376
6281
7534
2382
2383
8469
7139
1656
10547
11730
1657
10850
1658
1489
5179
2583
5180
1659
6570
9939
9941
9940
9942
1828
390
10612
1660
13237
11507
13359
13772
1190
5283
6234
6797
7141
7142
7143
7144
11226
12936
999
10851
8165
1748
1661
7145
11004
14469
1749
8381
8382
5181
12618
5182
9565
5183
8383
1750
1662
1663
5184
8166
15197
2650
2651
7520
7519
7518
14336
13426
11891
12093
11970
11931
11941
16350
11924
12444
11893
11906
11905
11918
11894
1722
13287
14360
12521
12403
5752
5951
7539
6680
10548
10580
11061
7146
11062
11063
11064
11066
11065
11067
11068
11069
11070
11071
4021
4022
4023
4018
4024
4019
4025
4026
4852
4020
4027
4028
13655
10581
14269
11751
4731
11022
4223
10360
9214
9427
4853
4220
5346
5348
5349
5350
5354
6282
5589
5760
5898
6125
5351
5352
5353
6278
6681
10224
7540
10223
1000
1902
14880
4985
4854
15754
1002
13248
13337
13249
4855
13656
13086
13250
14038
12753
716
1337
12754
12755
7389
12756
12757
10106
11617
10617
11662
12112
13019
10605
12113
1993
12842
13874
1088
11681
5186
15609
4857
7220
13368
7019
7020
4222
2538
6790
14493
3485
3490
11200
4163
5040
3491
4856
2571
13018
10539
5897
6791
14439
13614
11590
11108
3492
5041
4227
3493
10722
1604
3494
8858
10714
3495
5043
13126
13672
3496
4225
5042
15123
4221
2201
13219
7541
4555
12117
396
1319
3497
4224
2202
445
10407
446
447
14605
15295
13087
1959
3498
13166
7147
15834
11972
10059
11973
15392
6682
2643
2473
2608
3499
11921
8507
14850
13094
2440
3500
555
4228
4858
14602
3501
13857
16431
14016
5285
3504
6316
3503
13703
9638
10606
10889
9637
3502
11029
11980
11213
1703
1137
4219
2204
13003
11846
11420
3505
13657
3506
8058
7148
5044
3507
1960
3508
14574
11235
5899
12134
13490
4096
1145
4229
3509
643
4230
519
10607
5356
1122
3510
5357
8859
8860
4231
15885
1841
10968
8410
14471
4861
6792
15647
14566
7021
7463
4862
12393
10532
11515
210
3512
13659
3513
3514
10438
12055
11691
9659
15132
6325
4799
6880
15159
842
6881
5901
7222
6882
11926
8863
6883
10765
8861
3515
4863
8862
12379
13799
11965
6795
16534
10579
13949
9570
7464
13421
9567
6621
5187
7022
15883
9566
12127
9568
5903
3516
9569
11111
5904
10354
3517
3487
7436
13381
15135
10115
4192
211
8350
12421
11630
8347
1949
10946
8346
381
5287
8345
10639
3518
8348
3519
10801
8349
13512
13513
9216
2207
1811
9430
3521
8864
4232
3520
12684
4864
15920
2209
9215
10854
1412
9429
9217
13110
9431
6230
5905
15997
7023
12964
15812
15461
16375
11214
16381
1961
4817
16413
2594
6852
4226
9991
6528
6236
12803
14045
3522
14832
6200
1627
13159
3844
4535
6928
13061
3523
14881
3845
3524
14882
5324
4550
13609
5325
6529
8
11480
9867
6886
10710
13352
4871
1473
3525
4870
7104
10516
15957
16333
5045
1191
14158
14013
714
1816
7340
12771
14301
10723
13960
12678
6586
10417
3527
10652
8865
15257
16464
15989
13601
13170
7024
2347
12587
7219
6671
6854
7025
13926
14722
15111
3528
15035
8132
14327
15099
11019
14993
14995
12239
3847
11992
3529
15303
7377
12260
14649
3849
10570
2211
3530
3850
12900
1786
5907
6405
4739
8337
1628
1715
12261
4203
13121
15080
14739
14712
14711
13399
1519
15959
5908
7378
3852
11653
14125
5326
2213
13765
14083
14082
6377
645
13448
5909
5910
958
13713
12539
5911
959
13691
13389
7521
13585
7533
4054
13586
1253
9158
9156
14059
14462
9157
5912
14186
10394
215
12905
15039
11714
12396
12262
414
12056
6201
4204
5914
3531
312
11627
14821
13467
10928
14348
10542
13700
3853
3854
4548
5131
216
10700
8133
5915
12578
14657
5046
6588
960
8060
6202
13822
1552
3855
9036
9037
9038
9039
9040
9041
5130
11667
961
4694
5132
13686
1801
7538
14335
6672
6673
6674
10687
7567
7568
9042
3856
9043
9046
9044
9045
6205
6204
1474
13291
3857
15625
314
2350
15653
523
13455
13770
3858
15076
12598
14281
13350
553
4744
8847
3859
8848
8849
13554
15523
7501
3860
3861
6406
4144
9202
9203
9204
9205
9206
9207
14144
13932
11790
14920
6206
13235
2351
13699
2414
7440
7502
11669
6207
7105
317
2352
4848
5134
11506
3864
14145
10413
13946
6690
6208
12159
5135
15120
11104
11422
10749
15127
3865
3866
9930
6559
9932
6560
8134
9702
2353
12809
5136
13599
13890
2354
6209
13353
963
3867
6407
5367
6328
15439
11850
14271
13638
16480
12705
10911
10929
3870
14895
4429
11017
4682
6210
14983
2355
6211
10883
10614
14899
13917
1421
15237
318
14072
15187
14234
7106
12865
12130
6675
15023
3871
319
14216
15221
12097
7279
4687
3869
14081
15172
6212
15453
15119
12067
1764
11715
1256
11268
12240
10834
5137
3872
10930
12922
4683
5465
11988
11269
15070
7503
11599
12522
3873
5327
2471
9802
9803
6408
6213
6214
10952
5882
9378
4740
3874
6215
15530
15531
14434
14924
15146
3875
13148
9052
3877
5328
1520
15338
9051
9048
3876
9047
9049
9050
7504
4745
11863
14650
16412
10670
7109
3878
5138
2411
3972
12800
11345
11253
8135
1475
12978
10222
11270
255
13419
11199
3879
3880
13491
14950
11077
4686
12241
1893
7507
14792
15308
6676
13771
11784
6217
7379
14253
10751
10356
964
2840
2992
3681
2423
3846
3868
3883
6218
6219
11457
12544
11456
6220
1476
6221
1521
1522
15239
2356
12721
6222
6677
10688
11467
1523
1259
6223
2358
4684
13974
2357
10395
4696
2441
1524
13010
14603
6224
13965
13109
1258
10490
10925
10948
9927
6555
9924
9925
9928
9926
3842
7380
13634
6225
2359
13813
1525
14551
8224
8222
8223
11611
14185
8136
1526
9346
4688
9347
9348
6226
2360
3843
12242
16349
16432
321
6228
10153
6229
322
7107
10537
7508
5329
7381
15915
12786
14645
3730
13354
5678
6273
12629
3882
6558
9931
13028
12917
10711
4689
5139
1422
12977
6556
4746
11612
3884
394
3885
323
1477
4695
3886
413
7280
388
3887
10835
3888
2362
12866
11956
8137
11813
13461
2395
13625
11915
1716
3889
3890
5140
1478
965
5331
12941
13685
4202
16330
16331
10836
3891
3892
3893
3894
15121
12752
6231
15395
2541
15396
10392
3895
4685
10653
14227
8138
8139
324
12813
14840
13112
3896
12243
9208
4145
7382
3897
5141
325
2574
11129
1263
11346
2603
7108
7169
7664
3898
14893
6232
6857
3899
1264
12973
3900
13108
12549
11223
3901
3902
326
13190
1069
12647
14618
13662
13850
5332
11351
327
328
4690
5142
11367
13706
11032
1265
11081
1332
3903
2364
4207
15307
11939
4691
3904
4692
11107
11942
13579
11497
14733
966
3905
13640
14780
13679
6233
7383
2346
4748
3907
10154
3906
16526
4747
9379
13351
1479
7509
12970
14138
10712
329
1071
13252
14087
3908
14090
12246
1480
8301
12244
8300
8302
1481
8304
8303
8305
12245
6365
1482
8307
8306
15818
12991
12993
3909
9670
9671
6378
9669
7027
11645
5916
12542
8061
11248
12716
11371
12142
5917
11591
5289
843
2644
13761
2214
16087
12636
5925
2215
2216
383
5918
3532
14472
2217
11963
11962
10486
3533
2389
14646
13514
483
6657
217
10802
13910
2517
7223
13563
5920
5921
7224
2218
14004
7341
4534
6533
11526
1413
5922
3536
2429
3537
3538
14044
10855
13883
6767
9983
5936
5924
14707
12968
13712
16136
1798
3539
5926
14197
10483
5927
5928
1316
5929
12373
4536
9309
9307
9308
13794
7028
3540
12263
14286
14285
7342
15048
11592
5930
3541
13841
11030
13266
15294
10978
10979
11661
4544
10921
1704
5931
7225
15153
10967
2219
11529
3542
7343
1336
6531
2682
10743
15993
11990
14362
14055
14520
4055
9159
218
647
648
10803
1317
11885
10754
4556
12945
3545
8873
3546
8874
8875
2220
2221
15529
5047
3648
3914
6380
3547
459
15020
11880
11682
3549
7029
3548
11055
13534
13762
2222
14198
13001
10986
5933
13277
709
7226
10299
8062
10298
10300
1950
8439
4542
13649
6381
3560
9873
6532
5935
3550
12057
12058
14075
12423
12033
12999
14124
12323
11761
10804
2448
12843
4538
8063
6382
16348
3488
6688
9977
5937
13929
2391
2396
2224
10805
13156
15946
15947
15196
12342
12264
220
15881
1450
15645
14063
12466
5938
11543
13195
13757
844
5940
649
5939
13376
3551
10989
5941
6799
15361
7227
12359
14115
12034
1829
13493
1705
6203
3552
2692
15865
221
4549
5048
7344
3554
14571
7163
2225
12984
11249
845
13153
9317
4551
9318
9319
12545
15574
12383
15516
14745
14165
7466
16426
14373
4134
14502
7467
1451
6800
5942
2570
2226
2227
4539
1452
6383
8064
5943
14357
4540
2633
2683
5944
5946
7030
9869
9870
9871
9872
6530
9868
448
15079
4056
2228
8443
15746
5292
7468
15011
13288
8444
2229
8445
8446
13843
15484
3555
588
12265
12831
5049
4135
12459
1229
5050
4552
5051
8065
651
13055
12266
12267
5947
546
8066
8067
7532
6802
12586
12688
15348
5948
3556
11007
4541
3557
1932
13240
6803
13603
12926
15999
15687
5949
8877
3558
8876
10433
5950
5293
11031
3559
15389
485
8204
8209
8210
8206
8205
8207
8208
5952
1630
1629
13292
12655
12017
12014
12018
15181
10364
10931
11000
2479
2480
13011
10641
15331
10640
11696
1793
3562
10761
10543
7561
15898
3563
13002
12119
4545
1706
7229
1812
5953
12896
3564
3565
2231
14076
14581
13192
14890
5954
5955
6622
4546
3566
8291
8292
8293
11491
3567
14385
14386
14387
14388
14389
5957
14390
14391
14392
14394
14393
14395
14384
14396
14397
12059
11344
13057
12106
10533
5958
10947
11014
4553
9320
9322
9321
12775
4547
13860
11264
11076
12747
13958
12537
12520
3568
15864
6658
4554
13409
15358
5959
16329
14982
15376
14292
14053
13081
11908
13666
5863
16021
14790
6520
6523
5027
9527
6517
9852
6516
11554
4130
7334
7335
11469
9858
6521
9857
9859
9809
3439
8830
6498
9808
9810
9813
9811
9812
9814
9815
9817
8829
9816
3440
8831
841
5860
7336
11337
5861
5028
7337
10421
14199
7007
14662
5029
13578
16236
6146
11419
3446
10945
12950
3443
6518
9853
9854
9855
8050
1409
9969
9968
6656
9970
8051
2198
2578
12371
11103
3447
8832
10760
3448
10999
12322
4051
3432
4561
3449
13815
3450
4131
4732
10358
10887
1623
7212
12990
7009
10665
12081
12473
4132
3452
16323
196
3453
16240
3454
12634
12635
15006
197
13269
6896
7010
7011
7012
10402
5864
5865
5866
5868
5870
3455
8840
15414
14979
12997
15248
5869
1228
10387
8828
3431
15943
15944
8841
3456
1834
13146
3457
3458
14277
198
13826
15543
13332
13058
13873
13152
14050
13987
3459
2192
16473
15494
1314
11750
4557
15870
14030
3460
15413
14337
543
15078
10798
3433
5030
12802
3462
8850
8851
8843
8844
8845
8846
4558
9323
9324
10363
16520
10531
14159
3463
199
3464
13643
3465
11975
11974
3466
3467
13406
5873
13254
12582
12581
16525
6519
9856
15498
3468
8853
3469
8852
8854
5874
5031
15272
9150
4052
9151
9152
1753
9153
4053
9154
9155
14212
8052
15312
15863
14343
13242
14306
1887
11481
10799
6522
10920
12614
11263
4562
4563
5876
4191
13646
15027
5032
8054
13456
8053
8473
2431
14089
200
11831
10975
7017
15383
3470
3471
14492
10081
7213
10079
10080
4559
5878
5879
7459
11247
5880
5881
1624
1143
5877
3472
13548
15096
6786
11454
7461
3474
4095
15238
11360
3475
7338
12433
12249
12953
2194
10888
5284
5884
5883
6787
544
13200
10297
8055
10296
11441
5885
14034
14824
202
4560
380
16263
5033
3477
408
15820
12248
1781
15740
13839
2195
2196
14005
15502
7018
10015
10016
3478
13626
11788
6524
9860
10448
5034
13966
12782
5035
8056
11110
10684
12420
7214
1625
12606
5886
441
7215
8857
8855
3480
8856
12247
7216
7462
12951
7217
1448
2438
8202
1626
8203
8201
13842
15410
16489
13840
5036
5887
5888
1896
15465
4133
3999
12904
14456
14329
14097
13720
14102
15590
14098
14099
12558
5890
16437
9327
9530
9326
9529
9325
9528
4564
5037
6525
9861
9862
4813
1840
16004
5038
5891
5892
11842
2197
14054
11527
13375
12182
11925
2190
3481
206
7218
10800
6375
207
7339
3483
8057
9865
6527
6526
9864
9863
9866
7560
2199
15353
12825
11672
5895
5894
9531
5039
5896
1411
3484
15170
11849
12115
14705
2417
16022
16178
14163
16334
15487
3091
10529
15411
15977
5648
6349
7431
10114
3093
8733
3094
8734
15066
3092
10446
14161
12431
6598
108
3095
3096
3097
7651
7652
6350
7314
15858
11093
2641
14616
3099
10779
8736
8735
3101
2510
4478
3102
15575
3103
15147
15202
15151
15203
15268
1303
15683
7185
10393
3104
8737
3105
8738
8739
5244
11739
7186
7315
13495
5649
7647
6745
15018
3107
13952
7646
4970
7648
7555
5247
11581
5650
14170
4185
3108
2639
702
507
13715
14402
892
15141
15140
15142
15143
2114
15154
3109
4484
9221
4238
3112
3113
3114
3115
1405
1688
14517
4481
4971
9505
3111
12823
12986
12019
1771
4099
11046
3116
893
1752
13909
703
6638
6966
13391
11328
15024
11501
12208
11330
11329
11428
11429
11500
12912
13122
12853
10626
11047
15306
12461
12942
2115
11195
112
7649
7650
11038
610
1943
10001
10000
9999
6967
10002
5248
16538
611
2117
6610
13138
5651
15275
6351
9665
10351
10759
6968
6685
13701
5652
3118
8740
11852
7432
7316
6747
6409
14403
13147
4973
3120
8741
14010
13752
13751
13750
13749
13747
13746
13722
13714
13723
13745
13744
13724
13743
13742
13741
14369
12824
13167
3121
1369
4480
3122
5653
9222
4239
9980
14118
14713
5654
7153
6474
12471
14114
114
12095
5655
5687
4240
11282
11105
115
3123
3124
1884
13063
3125
2119
11357
1204
12758
12583
5656
4475
439
3126
458
12559
2386
10780
4482
15044
5657
8742
8743
8744
5355
5658
7433
563
117
15407
6641
13453
6611
4974
5666
5670
11738
1689
1944
6612
5660
508
15857
5661
3128
3129
3130
1441
10627
3131
1931
7317
13956
3133
11994
16472
118
13177
2120
2121
5664
13905
2122
4242
16519
1371
12691
119
1772
8386
8387
2687
13071
7435
5250
2472
4975
12766
5667
10859
2123
1987
1926
1927
1934
2124
2511
3134
12720
5668
5251
5669
120
6970
121
7654
6750
2125
6467
13774
12335
13498
6353
2498
13594
15281
8357
1690
8354
8355
8356
14113
2127
11582
5671
4476
13256
2589
10455
14573
612
2128
6971
10003
4467
3135
1773
2539
4474
5252
5672
11884
11883
10939
9727
9725
6446
9726
5253
15573
13428
11702
7318
4976
4477
8193
8192
6751
7187
3136
4244
9224
3137
6752
10781
2566
15546
5673
10628
11133
4479
7188
4977
7442
11737
15956
13620
10782
10452
10451
11385
11229
14404
2697
3141
10267
10265
10266
13333
7319
10405
13492
6974
11262
5725
10867
4979
11736
4470
14103
10783
11735
15231
12027
7189
5674
124
10991
10990
12050
14927
14266
11707
2130
538
4980
13264
3143
11772
13630
2131
6975
8510
8509
11504
13173
3144
1372
7443
5675
3145
15209
2240
5677
5676
10269
7656
9774
6468
10268
11459
2133
13454
11771
11001
2135
2475
11242
15481
1373
4832
11969
10561
13550
5679
1823
6469
9778
9775
9776
9777
5681
3146
1120
1374
5684
5683
5682
15236
11728
3147
2136
10784
4472
12391
3148
5685
7444
10973
10972
10598
10971
5254
13386
10675
11620
11583
13105
1550
1553
7320
4485
4981
5688
4483
5689
13035
1824
5690
1121
6613
11243
3150
15217
5691
3151
5692
14727
3152
5693
5694
15262
6686
5695
1375
8247
2113
4473
9291
10962
10414
15372
15636
6640
6639
15195
11976
3154
8745
125
11523
9784
6479
9787
9783
6487
6465
6477
6355
9678
6418
9679
9680
6420
6478
6466
6484
6471
9781
6480
9779
9780
9782
6455
6472
6473
6485
6475
9785
9786
9875
9877
6536
9876
6476
6486
6482
6481
6550
6470
6483
6557
9929
9789
9788
3090
9923
9921
6553
9922
3153
3155
9981
9982
11791
5697
7657
3156
9225
4245
2079
15541
15542
2037
11833
559
2803
7588
4169
12982
2684
5410
744
10935
14490
2804
5993
15912
5739
14567
14569
4989
16023
5262
145
7199
9804
6492
7670
13084
11692
3216
14952
14476
13817
9805
6493
3217
11549
11913
6989
10279
7671
10280
10282
10281
10286
10284
10283
10285
10287
5729
5727
3219
5728
7672
4729
4093
3221
9807
6497
9806
4499
7673
3222
3223
8194
2437
8197
8198
8195
8196
5730
894
4495
4995
9292
9514
14255
5263
12357
7159
5264
15008
13764
2155
15576
13590
3224
11789
5732
3226
11208
3225
14999
2604
2156
12645
12858
14074
2157
12216
895
3227
3228
1224
15193
14432
14433
7324
12029
14910
13982
12592
12650
12965
15833
14346
2158
15200
14656
1598
12080
10631
3229
14901
6554
5733
2159
2160
11869
12217
12807
10590
3230
11109
8284
3231
5734
4469
3232
4493
620
621
11916
7200
14129
10602
16220
6494
15291
11912
13942
13941
4497
1551
622
12703
3233
567
6769
15436
2476
13115
4992
5735
3234
3235
13676
15539
6495
10787
4990
2695
5737
1407
5736
2675
4993
3236
8771
8772
148
3237
4494
4991
3238
6363
7674
13803
3239
13674
3240
5738
4489
14289
8389
8388
60
6496
6991
12386
14147
2161
8775
3241
8773
8774
8776
12107
11896
11092
11363
3242
150
10916
14622
7675
10288
12051
11386
14964
3243
3244
151
1225
7676
11565
13735
1697
7450
13415
2162
10632
15149
6364
13161
11439
15559
3245
7677
14664
15182
15184
16488
15619
3246
7678
11012
3247
1946
3248
10591
10917
3249
7201
11085
1825
3250
4188
5266
14031
4498
4994
14883
3252
7202
5267
3251
1779
14589
3253
152
11013
2462
13462
15115
13065
3254
5741
3535
3595
10697
13736
2477
2607
10940
2605
7325
13739
11409
4155
10633
5268
1599
8330
8199
154
14338
14529
15951
14524
14525
15955
16216
14526
15868
14527
15953
14528
11783
14477
566
582
5742
5743
13435
11636
4491
3257
11517
7326
5744
5745
5270
10663
1600
5746
10293
7679
10290
10289
10291
10292
11723
828
14837
6580
6579
7160
10060
10941
4187
15550
6352
13270
15157
12422
3258
6993
626
4490
3259
3260
9667
9668
6366
3261
5747
4996
3262
10740
1867
6367
13760
10788
4997
2408
2163
5748
3263
11362
5751
5749
5750
2164
11196
1698
13037
3265
13046
3266
10918
1601
8200
2166
11588
13439
3267
14017
7522
6994
7680
829
15183
3269
11134
3270
11888
10853
3271
1381
11589
6647
6995
3272
3273
3274
3275
12576
3276
4500
10789
12084
12101
12083
13367
12085
14135
1947
5012
1382
8252
5753
11387
3277
13336
13969
13111
12560
3278
6368
2691
14949
4496
4998
3279
3280
1383
5754
4492
10942
14879
746
1219
2805
8592
11519
5411
14513
1306
5412
4888
5413
14166
2807
6438
4819
4294
9236
2045
4287
4889
5414
6605
7288
2808
657
23
1955
16445
749
10484
1096
14265
2810
11036
13985
1995
5415
1996
5416
2809
2811
13937
24
11752
12918
6699
4174
10768
2813
750
4272
2814
2815
8511
2647
12271
2816
427
12272
1997
1999
25
2817
6331
2818
2819
10769
1024
1850
5420
751
7589
10228
10229
10230
10231
2000
2001
11119
4890
9452
9453
2820
6897
1905
2587
4100
2821
2822
7590
5422
6434
15882
15852
2481
4291
4269
754
11099
16440
1429
13016
6898
4295
1345
15136
14110
2002
12353
2659
14014
1097
28
11635
10485
10573
13617
11686
29
5203
1665
16435
15611
5423
5424
2824
13021
2003
16449
12394
7591
2004
4891
13445
5425
11826
4170
8180
2005
7593
7592
1307
4151
15205
2825
2006
4892
4283
2826
11777
8392
8391
8393
1820
4276
4277
7150
2827
2624
14741
2828
34
4296
14784
14817
12797
10659
1025
11508
14021
11967
2665
10624
5429
5431
12855
5426
2829
2830
10236
7594
10232
10234
10233
10235
2831
2008
11239
2832
5427
13496
4893
2405
5428
6901
4288
6916
7093
4172
4270
14877
2009
5204
11900
15211
1026
7595
10692
14847
2010
15042
12273
7289
2011
12274
12468
36
2836
4286
2837
6902
37
4894
16482
12903
5430
2838
6903
6702
2012
38
2839
15365
6575
1430
5205
1922
1295
15980
13692
2013
12610
2556
8503
11767
759
12275
15584
15509
10737
1492
13199
6900
6990
7006
7047
13648
1346
7171
760
10443
12276
2800
7437
10123
15188
13577
10519
13358
14134
16024
13977
13868
14810
2392
761
11726
14191
2668
2582
11665
13598
13880
11768
1027
13273
11621
2014
13719
10770
1129
2841
5433
4895
2842
7290
2843
10378
4118
5434
2844
10574
2845
5435
11640
7596
12277
13338
14533
13944
12682
1028
2848
2849
11043
13556
5437
2015
11584
12390
2016
7291
2847
12979
14120
13812
13503
1883
13198
12143
13172
2850
11770
4896
1029
5206
14435
2017
7597
11256
11575
11717
10588
14849
5438
5439
5440
5443
5441
5442
15612
4253
4897
9454
9456
9457
9455
9458
4254
4273
7598
7599
7410
1925
4279
8260
8256
8257
8258
8259
2851
8603
8604
9373
4728
9360
9361
9364
9362
9363
9365
9366
9367
9368
9369
9370
9371
9372
13008
7543
10771
4280
10553
8610
2852
8605
8606
8609
8607
8608
13538
12548
7544
5207
5444
13718
4898
5446
763
2559
6332
6333
2648
1296
7151
785
6875
9459
4899
11804
2853
7292
15469
764
428
8181
765
2560
11541
5447
11132
5208
15040
15506
1030
2855
5449
13106
15607
11616
12788
11838
13189
4297
5451
2018
14518
15926
11642
39
9420
4833
12369
12278
11618
14450
10693
5450
4275
16386
12279
10589
2485
14563
2020
2021
5209
5452
4290
1297
11044
4900
13717
9663
1298
6334
9660
9661
9662
576
11622
12927
6905
10575
10678
1347
1766
12400
11799
15163
2856
2857
16356
2023
10660
4298
2858
14468
2859
13694
4278
4901
13040
10426
1348
14923
4255
15126
5453
11680
1098
15375
14401
6683
4902
14073
6906
769
2024
7600
1031
5454
770
2025
786
4292
4903
7411
7601
1099
4904
7412
9460
4905
2026
9227
9226
4268
4293
11740
14273
2860
2861
8611
4299
1937
9212
4171
7172
4284
1032
10430
11245
10496
2862
1033
15402
9461
4906
11283
11284
11285
11286
11287
10420
5455
11288
11289
11290
11291
11292
5456
11293
11294
11295
11296
11297
11298
11299
11300
11301
11302
11303
11304
7092
11305
6908
11306
11307
10554
4274
4303
4350
4414
4425
4432
4433
9223
4243
4504
3315
7207
3350
7211
7228
7221
3511
4537
7231
11660
1591
4645
4680
4648
4656
4657
4722
13143
4317
4300
4307
4241
4246
4249
7232
7236
7239
7250
7265
5457
10477
5458
2863
1349
8612
8229
11857
6972
14239
5459
12044
5017
4907
3371
5460
6371
5210
3372
12938
836
13434
5801
6606
11792
11678
10546
12980
2420
2629
9304
10515
4530
4301
9303
14931
5802
14489
12347
10520
12259
12045
14537
2027
2478
1432
12257
8279
3373
12718
5018
10237
8810
7602
9524
6909
8811
2028
9525
1350
8812
2491
3374
4285
8813
11356
11889
12121
5276
10242
3375
7603
1700
10238
5803
13107
10241
1838
10239
6506
10240
9832
42
9833
10676
9829
6607
9830
5461
9831
10247
8404
7604
14399
10243
9956
10244
6619
10245
12258
10246
14819
10248
3685
2864
5804
12725
184
12644
11343
5019
3376
4525
4524
2030
14200
6508
2403
9835
12739
9834
12738
185
12709
10795
2492
3377
5462
11446
13953
11404
2031
13013
2032
8182
4126
44
5805
7293
3378
4302
16357
14544
186
5463
5806
4908
5808
2474
5807
10249
5020
7605
9526
13202
3379
7173
14885
5464
15499
5212
11989
2865
12996
1392
14214
10772
13872
13441
15741
9951
13417
6581
13472
10926
15822
15139
16221
773
11027
14052
11211
11576
13436
11762
636
14783
7523
14002
15500
10997
3380
11381
14547
15165
3381
1299
12561
14984
2183
2034
3382
11024
7330
13213
3383
5466
13903
12199
6372
2866
6654
2493
6653
1918
6651
6652
11821
10796
3384
5467
15118
15110
13243
7331
14152
5811
1794
5810
4909
4531
7607
5021
12820
5468
14543
7294
3386
15056
3387
7693
13178
11212
5812
12733
5813
12736
15524
12735
15595
12787
15637
12737
15660
12966
15600
12960
15579
12734
12731
15717
15597
12732
15634
15058
15718
12729
15324
12730
15710
13179
15501
15057
15591
432
15641
433
15808
5469
15819
1034
15815
12354
5815
10864
15368
10400
10773
15640
14802
15428
774
15280
10503
15705
775
15284
5470
15321
776
15566
12401
15397
15707
11520
15377
2868
15359
4256
15317
15401
15285
8614
15606
2869
15417
8613
15363
12789
15644
9703
15585
6436
15715
9704
15326
9705
15580
7608
15817
10250
10251
15816
4281
15480
13114
5818
430
15601
15299
15316
12792
15432
12280
15269
5819
2630
15551
13779
15720
15173
15510
431
15399
10868
15630
7295
15734
779
15742
781
15602
2443
15702
14795
15642
12838
15572
532
15673
7609
15700
15471
5814
15470
5816
6911
5817
4173
3388
788
8814
2470
8818
5471
8815
9706
8816
6437
8817
4910
838
12281
13097
6912
5820
10576
7209
12008
2666
5476
6577
5477
5022
2871
3389
792
4532
5475
9305
12022
9306
4304
7556
4911
7557
13090
187
14222
5823
4257
15185
12189
639
6913
3390
11998
12196
5824
5479
5825
5830
2872
5826
4259
13497
5827
5480
5828
15841
12392
5481
5023
7174
8285
2873
3394
11727
3391
3392
795
14150
5829
2874
3393
4260
6373
14728
12334
15877
640
5277
11749
3395
796
9837
13939
9840
2038
6510
5483
9836
2875
9838
4271
9839
2876
3396
6335
12902
2877
5278
5482
3397
12676
10294
9237
7694
4305
7695
16438
2185
5484
2186
2039
13838
4258
189
9228
13404
5485
7210
797
4526
1037
1038
1908
2040
11216
1806
11332
8390
14458
12956
12256
12551
11514
11512
798
14625
5486
11535
14070
11513
5487
11533
5214
14624
2041
8368
2878
1701
6878
4306
11532
6707
14639
13392
14637
6914
14638
14636
13349
14635
12772
11511
398
14634
2042
14633
8615
14632
8616
14630
2879
14629
2880
13468
1923
11536
800
14628
2043
14627
13274
14626
15208
14621
1870
1702
6608
11623
11534
2569
14614
1300
3398
802
12255
13141
2676
1205
13371
3399
5489
14856
4263
14613
5490
10721
11638
12183
13829
4047
1324
11787
6915
13562
803
8819
10555
3400
2883
8821
2509
8822
12091
8820
4264
7332
2884
407
4266
5279
7610
3402
12907
8823
14086
3403
4265
6584
1994
13374
1100
16020
12908
14154
5491
3370
16016
10987
5492
11123
6582
6655
805
12254
5493
7455
13800
4523
6708
5494
14131
2606
10604
12701
14361
11733
12032
11732
12998
12053
12052
12054
12253
839
3404
11734
2187
3405
10699
10638
3406
2181
10514
840
3407
14538
3408
5024
11403
3409
3410
7162
7696
13576
1227
12252
12251
12250
5831
7558
4533
1622
14718
4127
14716
14717
4128
9842
9841
9843
9848
9844
6513
9845
9846
9847
9849
14719
4129
6505
6507
6509
6512
6511
3411
6620
1818
8825
9148
8826
9149
3412
4048
8824
9147
10664
9850
6514
9851
11899
8827
3413
13464
3414
14151
1142
5281
9583
9584
9585
12301
4802
14423
3415
14179
15873
5832
11333
3417
5282
10359
4528
4529
6874
6876
3418
7698
7825
7700
7701
7715
7718
7697
7699
7702
7703
7704
7705
5833
7706
7707
7708
7709
7710
7711
7712
7713
5834
7714
7716
7717
7719
7720
7721
7722
7723
7724
7725
7726
7727
7728
7729
7730
4730
7740
7741
7742
7743
7744
7734
7735
7736
7737
7738
7739
7745
7746
7731
7732
7747
7748
7761
7749
7750
5835
7751
7752
7753
7754
7755
7756
7757
7758
7759
7760
7762
7770
7763
7764
7765
7766
7767
5836
7768
7769
7771
5837
7772
7773
7774
7775
7776
7777
7778
7779
7780
7781
7782
7783
7784
7785
7786
7787
7788
7789
7790
7791
7792
7793
7794
7795
7796
7797
7798
7799
5838
7800
7801
7802
7803
7804
7805
7806
7807
7808
7809
5839
7810
7811
7812
7820
7813
7814
7815
7817
7818
7819
7821
7822
7823
7824
7826
7827
7828
7846
7829
7830
7831
7833
7834
7835
7837
7836
7838
7839
7840
7841
7842
7843
7844
7845
7847
7848
7849
7850
7851
7852
7853
7854
7855
7872
7857
7856
7858
7859
7860
7861
7862
7863
7864
7865
7866
7867
12909
7868
7869
7870
7871
7873
7874
7875
7876
7877
7878
7879
7880
7881
5840
7882
7883
7988
7884
7885
7886
7887
7888
7989
7889
7890
7891
7892
7893
7894
7895
7896
7897
7898
7899
7900
7901
7902
7903
7904
7905
7906
7907
7908
7909
7910
7911
7912
7913
7914
7916
7917
7915
7918
7919
7920
7921
5845
7922
7923
7924
7925
7926
7927
7928
5846
7929
7930
7931
7932
7933
7934
7935
7936
7937
7938
7939
7940
7941
7942
7943
7944
7945
7946
7947
7948
7949
7950
7951
7952
7953
7954
7955
7956
7957
7958
5847
7959
5848
7960
7961
7962
7963
7964
7965
7966
7967
7968
7969
5849
7970
7971
7972
7973
7974
7986
7975
7976
7977
7978
5850
7984
7979
7980
7981
7982
7983
7985
7987
7990
7991
7995
7996
7992
7993
7994
5851
5852
7997
7998
7999
8000
8001
5853
8002
8003
8004
8005
8007
8006
8008
8009
8010
8011
8012
8013
8015
8016
8017
8018
8019
8020
8021
8022
8023
8025
8024
8026
5854
8027
8028
8029
5855
8030
8031
8032
8033
8034
8035
8036
8037
8038
8039
8040
8041
8042
5856
8043
8044
8045
8046
8047
8048
8049
13082
13265
2188
3419
7559
3421
3420
13788
3422
10797
12467
15357
10295
7816
11388
13565
13473
13474
13475
14561
13566
13476
13567
13477
13478
13479
13568
13480
13569
13570
13571
13572
13481
13573
13482
13574
13483
13511
5025
2546
5841
5842
5843
5844
3423
3424
13992
10886
6515
3425
1886
3426
4049
15055
5857
4050
12011
15134
3427
1447
5858
2189
7333
5026
3429
10944
15105
5859
10874
13272
15981
16376
15492
12287
12961
12962
14452
126
3159
6758
13162
15633
2138
7658
11877
1919
16484
6759
127
2398
4154
10530
3161
3162
7191
10073
10074
1775
10562
3163
8746
8747
11631
10366
11901
13033
12919
4092
10882
13408
3164
7192
7659
11400
13645
11586
11808
12288
1376
8248
13731
13388
1796
1797
3165
2613
5699
5698
5700
15191
7660
6760
5701
12515
3166
5702
2139
3167
12817
539
7193
4982
11704
6642
13416
14997
12503
12502
12504
12505
12509
12507
12508
12511
12177
12510
12552
5703
12506
14827
1620
3168
14417
14416
14523
5269
405
406
14347
14341
11705
14612
13693
12289
13820
1691
10629
1692
3169
14029
11937
11938
11231
15862
16474
6761
16470
2632
3170
4247
15386
5256
2545
4983
7156
705
15320
7661
6877
1377
8250
8251
8249
11389
15271
10966
6614
16017
14854
14205
11807
3299
14240
6356
2467
12028
12290
14848
5704
5257
10696
5258
129
13036
2835
2406
2407
3218
8767
3268
6783
2409
8470
3652
8905
3942
5705
5706
15122
10599
13298
3171
15047
6762
3172
12212
13229
4984
15354
4248
13698
2516
12574
2140
15104
5707
12604
9795
6488
9790
9791
9792
9793
9794
9796
13689
13395
4186
6643
9967
3174
14575
12651
14204
12776
5709
12291
3175
11122
13446
15716
12563
13116
5965
5871
2141
6615
9954
9955
14591
7157
3176
11585
540
14907
1693
8359
8358
2553
3177
11781
14488
12801
13651
4153
11759
3178
6357
9666
11486
9798
6489
9797
9799
9800
2142
10785
10985
2143
2418
5711
9594
15608
9601
6290
9595
4251
2144
14913
9613
2145
617
12292
12679
6297
132
3179
14465
6979
9612
10004
10005
10009
10008
5586
10006
10007
10010
6980
6292
14405
2567
6283
13380
9619
6306
6300
7662
15913
7663
378
1777
3181
3182
9616
7194
4986
3183
6644
6324
134
6323
6288
6310
9624
9652
9653
6321
9647
9648
9649
9650
9651
9607
6294
9606
9658
6322
9654
10786
5712
9657
14464
15747
9655
16342
11987
14546
3184
9656
10563
10630
10884
136
9618
13972
13632
135
2147
6305
2148
5260
12120
5715
9642
5714
2146
1138
14184
9640
4123
2149
10915
11244
6318
14644
137
14667
5716
4124
3185
8755
3186
3187
8756
8757
8758
5717
4487
6982
6983
14272
10600
6984
12293
14521
14709
7158
12387
12219
541
15528
13754
10445
13425
4816
7665
2150
12624
14288
5261
14111
6358
13465
7535
12724
6359
12294
2151
12296
12295
10271
10270
7666
3041
7154
6853
10718
15384
5718
7321
5719
138
6973
7447
5720
16518
16483
6985
6766
15744
11904
6986
12518
12517
11803
7195
3188
12297
3189
8764
8759
8760
8762
8761
8763
8765
4125
13345
5721
3190
2451
580
7196
6360
10564
10565
15558
140
5722
706
16515
481
3191
1957
14496
6361
5723
142
826
510
12816
14406
3192
2153
10719
3193
3194
7449
13684
5680
13402
12615
7322
3196
12661
15171
12176
13658
4033
9141
9142
14213
11775
6616
4488
7197
3197
3198
1914
8436
8432
8433
8434
8435
8437
8438
13777
5724
7527
7528
7667
1379
3199
15390
1696
14282
12746
3200
3201
13971
3202
7198
4987
9513
14062
13056
4804
6645
143
12806
3203
13045
6988
6491
3204
12298
14871
13549
7155
3206
16446
11587
7668
3207
13920
3208
6362
1406
7323
827
2458
565
12681
3210
2505
3211
4501
10278
7669
10272
10273
10274
10276
10275
10277
3213
1809
2137
12299
3214
10601
12704
4988
1945
5726
3215
9641
9610
6295
9609
9608
11350
9643
6319
6313
6301
5587
6296
9611
6302
9614
6298
9632
9630
6312
9631
6309
9622
9623
1042
9605
9603
9604
6293
6284
6291
9602
9639
6317
6285
9598
9620
6307
9627
6311
9626
9625
9629
9628
6286
6320
9644
9646
9645
6303
9617
11349
9621
6308
6289
9615
6299
9600
6315
9636
6314
9633
9634
9635
9599
6287
6304
1044
5593
2973
2974
5588
4427
4152
9210
5590
71
682
2975
11193
5591
10596
2976
5225
5226
6631
9962
9963
535
7531
14438
11037
4417
2977
12343
4413
11370
1821
5592
5227
15223
7305
12048
14768
8658
2979
6632
4942
13631
2980
2981
2982
15313
14146
2983
16461
2672
4941
2984
12689
12584
11053
6734
10680
14317
2985
7181
2986
4418
4943
15948
4944
11383
2988
2987
13396
14600
8264
8261
8262
1395
8265
8263
5594
2989
14996
2991
11553
2990
14721
7178
13791
6930
6735
10775
14516
14481
14494
14801
14675
6269
13180
2993
2994
2540
8486
2531
2532
2998
4168
13092
2995
13727
10424
13104
13211
2087
4179
2625
10876
7420
8660
10877
8661
2997
2996
8659
1666
13494
4180
12126
12098
2088
13221
7306
13507
13506
2999
685
12349
3000
8662
14153
686
11655
75
10440
12206
10439
15804
15803
15802
856
3667
3001
4067
3668
15408
11646
15116
12439
2274
1580
15473
9374
4734
8920
3669
8921
14732
8924
8922
5596
8923
8077
857
12320
11647
8078
2246
5981
14011
3670
5982
3671
3672
10763
7179
15430
3673
8079
4579
4782
450
5983
10703
11648
13959
9874
6534
8080
10305
1581
16436
10304
5984
4783
1358
11365
10308
8081
10306
10307
13064
5985
3675
5986
7307
240
3676
1951
1582
13906
3677
1232
2486
2645
7180
15332
12832
8513
5071
13710
3678
5987
3679
3680
4835
14426
11778
5989
14079
12355
5988
2247
12340
2248
7353
7240
3683
12972
2430
12356
2503
1499
10390
2249
12214
3684
5072
1583
7046
13158
14291
11003
2250
10487
10488
2251
7241
7354
6931
11427
5991
3687
8082
3688
13845
12663
3689
13466
76
859
7474
10667
13140
12314
13101
860
5992
4037
12761
9143
4036
6535
3690
4419
12178
12179
12181
12180
4945
5300
14714
12773
11136
11137
13387
11138
11140
11141
6932
11139
11142
11145
11143
11144
11146
11147
11148
11149
6962
11150
11151
14319
11152
11153
11154
11155
11156
11157
14037
11158
11159
11160
11161
11162
11163
11164
11165
14501
12135
11166
11167
11168
11169
811
11170
11171
11172
11174
14274
11173
11175
11176
11177
4946
11178
11179
11180
11181
11182
11183
11184
11227
11272
3004
11273
11274
11275
11278
11277
13246
11276
11279
11280
14643
11281
11308
11309
11310
11311
11312
11313
11314
11315
10695
11316
11317
13986
11318
11319
11320
11321
11322
11323
10681
14660
11324
11325
11326
11327
11372
11373
11374
15713
12742
11375
11377
11376
11378
11379
11391
11392
11393
11394
12743
11395
11396
11397
11398
11399
11410
11412
11411
12744
11413
11416
11414
11415
10922
243
6812
10474
12740
10432
14298
12835
861
12327
3691
3692
15031
12741
10315
10317
10316
8083
10310
10318
10309
1456
8294
6633
10311
8084
10314
10313
10312
14782
8295
8296
4735
2089
13709
6450
5994
3693
8932
3005
8933
5995
5996
3694
11228
3695
13378
5997
13335
11964
5998
15282
7633
2679
11649
11516
8085
11338
14994
12009
12611
10744
14326
6664
11086
2252
15228
2253
14056
14443
8087
2535
9335
8086
4592
9334
10319
10320
4164
10980
4784
16468
4069
13934
1233
862
8088
12438
5073
8934
11701
3697
6665
9976
3698
7242
6001
7564
10463
6374
14585
15497
13062
6002
3006
12318
10981
6004
12063
11567
6003
10893
13748
12198
11724
12197
12123
12122
12156
13904
12155
12125
12124
12158
12157
12161
12160
12163
12162
5229
12165
12164
12167
12166
12172
12173
11827
15848
13592
10878
6005
6006
15420
2254
7164
12090
1234
13515
3699
3007
7243
4584
10704
14196
14195
13074
13728
8089
5302
11503
5074
9535
244
3700
8935
12370
10982
13197
6007
687
1921
4859
9428
9887
6538
9882
9880
9883
9884
11443
9885
9886
6537
9888
9879
9881
9878
11684
11886
1675
7475
4071
9166
3703
9894
9891
9890
9889
6539
77
9892
9893
6008
6010
4591
13547
6386
6011
3701
15218
6387
6012
6014
6013
5075
1933
245
6017
7634
6388
11426
10321
8090
3704
2090
12308
12646
7355
10461
10462
246
15072
9536
2059
5076
9538
9537
15210
10466
812
2255
2256
1586
12319
14725
14852
13607
13244
11342
2442
1587
3705
6018
3706
8943
3707
11943
11564
11562
14448
11563
11561
13913
10813
13457
6815
6019
14470
7050
15199
7048
4073
4074
9193
4136
6666
7049
9167
9169
78
4072
9168
6625
13654
863
12362
4029
2257
6020
11979
14740
12579
6021
10643
3708
14071
6016
14453
13142
14451
13131
7635
864
4403
4196
10879
8091
4412
14260
7636
8092
4947
12304
4415
15012
1146
13176
6340
10705
3008
10567
4407
1588
14620
5303
1046
14173
13009
3710
15810
11670
12049
10425
2086
14174
4593
11632
4594
15234
14175
12038
14176
16434
8093
5598
14177
3009
14178
2500
4580
12041
8214
4948
8213
7182
6933
8215
487
6451
8217
10125
8216
11045
8218
4420
6023
4949
4075
79
1221
9170
866
10361
4581
12696
688
9896
12268
9897
11659
9895
13366
6540
12565
9899
1684
9898
813
9901
9900
9907
5599
4421
9906
9903
11795
689
9902
1695
9909
8365
9908
8366
9905
8367
9904
10905
12600
9801
2258
3862
10814
13174
3586
14791
5601
6541
9910
15904
15905
7051
9911
15918
5602
13307
5077
9593
9539
81
3711
82
7356
12550
15649
2971
8477
2091
2439
2673
10776
7244
8094
7245
2092
12000
379
248
5230
1590
5604
10489
5605
2259
9765
7357
6452
1396
5079
11366
13546
2410
8095
12139
12804
4736
15362
1397
12389
9375
14022
2393
9376
10815
10386
6934
9998
15942
8683
8679
3011
8678
8677
4801
710
8096
12108
10644
1236
10645
2260
868
14536
13591
12436
3716
1237
7477
869
8680
8682
8681
12424
478
4409
8185
8186
1325
5080
11825
11824
9540
14012
11448
6025
8187
8188
8189
8190
15616
690
4397
11984
1952
7052
10019
12540
14467
1813
249
6026
11983
3012
8684
8685
3013
13667
1836
10998
13168
1830
4951
3014
14364
12932
11923
2093
4076
15555
2261
6027
4588
12437
8097
6028
250
12153
11230
5606
5231
14966
2636
4428
2095
12536
11521
1878
251
4786
13993
4589
3717
12351
3718
1592
5608
4398
536
2384
10880
13524
14455
7165
14568
2262
8449
2263
8450
7358
2518
5609
10526
11946
12828
1676
14539
12152
3015
8482
8483
8484
8485
6030
12368
12385
15233
4952
4400
14345
12535
10352
5610
10419
7637
5304
10593
11657
1593
6031
13212
4582
7053
548
16344
1885
4424
9218
4233
4411
4953
9495
14344
6032
5081
12336
2264
3720
12869
572
16451
1400
11743
3016
12920
13990
6936
16430
14542
11101
14742
6341
11241
4954
13362
8400
8403
7055
10020
10021
10022
10023
10024
6033
4583
871
10725
11708
5082
1901
1837
8397
8398
8399
8401
8402
16374
7421
4401
84
13559
14049
12861
12862
9912
6542
7565
6034
3721
8958
8959
8960
4590
5083
12307
4586
16535
5611
14332
3645
10403
1223
13732
13821
11843
6035
13125
5305
12668
1758
12671
886
5612
12137
15434
15617
5613
5614
12070
12079
12078
12075
12071
12073
12072
12077
12074
5615
5616
12778
12764
11049
14123
8098
6036
14579
1238
13516
6037
4576
2528
872
12375
15253
6038
15421
13089
11010
8686
9219
4234
9220
15422
11948
11957
11958
11959
11950
11949
3722
3018
7423
6342
691
4955
15406
12039
5618
8961
1594
3723
8099
12643
11800
2519
5617
15908
11452
11719
7308
5619
562
5620
13635
4097
2267
5084
9913
9914
1595
10816
7549
5621
10126
7550
10082
7246
2268
12363
6039
12303
14710
9414
4798
11339
2269
11595
5622
2591
5623
1201
10597
11855
6937
4956
2096
2520
10726
6040
14237
15323
12652
12339
8100
10609
6041
15041
12317
15083
15049
11774
13541
5624
1822
8191
11259
11258
15092
2674
11703
1401
4114
3019
5625
2436
15084
10447
14720
15085
16442
13015
14307
12664
13075
13916
6544
12914
13531
7056
4166
874
11560
9915
6545
9916
15438
1898
5085
11050
4587
11204
10717
8384
1359
4035
11805
14333
437
14119
2097
7309
2387
1942
1402
14300
5626
8352
8353
1685
5233
13410
6938
6738
12987
1403
1360
8238
1854
13201
5627
13759
16010
2270
253
6042
6043
6044
6817
254
13054
11932
13438
5421
5542
10084
10085
7247
10083
13334
13080
4423
2631
6940
9269
9496
4957
4422
87
6046
7359
2390
13964
15398
4165
6045
6389
2446
14308
3023
3022
4178
88
2551
15065
4121
4402
3024
3025
10777
5628
7425
10937
10112
14309
11267
8101
7439
13907
14325
2271
10111
7426
10113
1361
8239
3026
9267
9266
4404
9268
13278
693
10817
2272
3724
256
6578
11596
876
11711
14267
11266
4577
4578
2273
6390
15074
3725
14483
3027
2501
14747
11522
10071
7183
10068
10070
1783
14270
11673
12306
12218
10706
10674
5086
10618
10069
6343
5234
12599
7551
1047
90
7310
14752
4842
9424
10910
2413
8471
12191
13078
8102
13144
91
13308
14510
14511
7638
92
4958
438
6939
14876
13945
9767
9766
5235
5087
11722
4575
7057
3726
11125
9573
9575
6454
9572
9574
6609
6941
12026
6892
6942
6895
6899
6919
6943
6944
6945
6935
6894
7043
6946
6947
6949
6948
6976
6981
6987
6992
6998
6999
6951
7004
7005
93
7026
6952
6953
6954
7033
7038
7040
7044
6955
7054
6956
6907
7061
7063
7062
7065
6957
7081
6958
7082
7087
7090
888
7097
7094
7103
6960
7111
7112
7114
6925
6961
7140
6929
6950
7031
1363
14466
6926
8280
1494
5472
5473
10527
4410
10127
2099
4426
15721
5629
7639
6344
7427
7418
4405
13652
12269
14112
3029
4235
6345
1846
5630
13137
10559
95
6346
9664
6456
1202
11538
4406
12270
2416
96
15866
13118
10436
12955
6347
7311
12013
3031
8695
8687
8688
8689
8690
8694
8691
8692
8693
11054
7125
12621
695
891
2468
5631
12425
16415
1362
9422
4836
823
13203
7152
15013
2694
16214
15483
13327
6547
9919
6089
8466
2345
14787
2294
10821
3749
7253
12227
6090
7076
5311
13234
5312
9587
9588
6092
12064
3750
11558
11841
11215
11793
3751
3752
14580
11858
4616
10142
10143
10144
10145
10148
10146
10147
6093
3753
2295
6094
6095
920
4737
8221
276
16015
12534
277
7254
15052
3754
11971
6831
2322
10494
6097
12228
10610
2296
10924
4678
2522
6099
12626
16456
13302
6100
3755
12943
1415
8269
8267
8268
8270
8272
8271
8273
4847
6101
13580
13935
6395
13489
12790
14276
12065
3756
12020
12366
12367
7485
15028
13418
15880
3757
11051
12547
10822
12087
16527
3758
7368
1711
11606
2425
6102
2297
14181
12875
12874
12876
12873
12516
2298
3760
7255
6103
14606
15545
3761
15423
15424
15425
15426
12957
12607
10823
11604
6104
11862
4738
9377
922
4637
4670
4668
4671
15507
6105
4660
3762
279
12229
15638
15503
3763
280
2564
6106
12230
12231
14084
12232
13804
5960
13348
12023
10649
11922
6107
2312
8462
12989
12233
2299
933
9672
6396
9673
9676
9179
4085
9180
4086
9674
9675
9181
4087
9182
9185
9183
9184
7271
4140
595
596
3764
3765
3766
4674
7256
11605
2653
1872
1842
7486
10192
10193
13263
3767
1461
3768
7077
1849
8114
2300
3769
6108
11197
3770
4040
4141
7078
4638
2301
1888
282
12035
2452
9920
6548
14864
10824
13847
2303
12827
12695
6110
15131
3771
1679
924
10747
10149
13738
4639
6835
10963
13309
14965
14751
1418
283
12234
14028
15045
284
6111
14887
15923
9721
12374
2304
452
7079
4805
4636
13671
10861
14915
13755
12864
925
12066
926
4649
10825
14889
6626
12235
11217
4623
14726
11218
8115
4199
3774
12921
12952
6113
6112
7166
15098
15219
12236
6114
7369
12863
15258
3776
4088
8116
10594
11052
4038
7080
7257
4667
11879
6549
13440
12209
4640
5375
12667
12665
4878
9447
9441
9442
9443
9444
9445
9446
9448
9449
2786
8563
8564
8565
8566
8567
8579
2790
8584
8585
8581
8580
8582
8583
2788
8578
8568
8569
8570
8575
8571
8572
8573
8574
8576
8577
9280
4446
9285
9286
9282
9281
9283
9284
10061
7170
10066
10067
10062
10063
10064
10065
4282
8596
8597
2823
8593
8594
8595
2834
8598
8599
8600
8601
8602
4267
9235
9229
9230
9231
9232
9233
9234
8617
2882
8618
8623
8620
8619
8621
8622
9467
9468
9462
4912
9463
9466
9464
9465
8624
2905
8625
8630
8627
8626
8628
8629
8631
2914
8632
8637
8633
8634
8635
8636
9471
4924
9476
9477
9472
9473
9474
9475
8638
2941
8639
8644
8641
8640
8642
8643
4342
9259
9256
9255
9257
9258
2948
8651
8647
8648
8649
8650
9485
4932
9488
9491
9486
9487
9489
9490
8663
3003
8666
8669
8664
8665
8667
8668
8671
8676
3010
8670
8672
8673
8674
8675
8696
3039
8699
8702
8697
8698
8700
8701
4967
9500
9501
9502
9503
9504
8723
3074
8728
8729
8725
8724
8726
8727
8487
2536
8492
8493
8488
8489
8490
8491
13807
9506
4978
9511
9512
9508
9507
9509
9510
7190
10072
713
11550
3180
8752
8748
8749
8750
8751
8753
8754
8766
3212
8770
3220
8768
8769
8786
3311
8789
8792
8787
8788
8790
8791
9416
9418
4826
9417
8794
3318
8797
8800
8795
8796
8798
8799
12527
9293
4515
9298
9299
9295
9294
9296
9297
9516
5011
9519
9522
9517
9518
9520
9521
8833
3451
8838
8839
8834
8835
8836
8837
8866
3544
8869
8872
8867
8868
8870
8871
9310
4543
9315
9316
9312
9311
9313
9314
8311
1559
8312
8317
8314
8313
8315
8316
3618
8892
8888
8889
8890
8891
8321
1571
8322
8327
8324
8323
8325
8326
3655
8906
8907
8908
8909
8910
8911
8912
9332
4571
9329
9330
9331
9333
8928
8931
3674
8925
8926
8927
8929
8930
8939
8942
3702
8936
8937
8938
8940
8941
8944
3709
8945
8948
8946
8947
8949
3715
8954
8957
8951
8950
8952
8953
8955
8956
8913
3666
8918
8919
8914
8915
8916
8917
8968
3733
8971
8974
8969
8970
8972
8973
8530
2727
8531
8536
8532
8533
8534
8535
9413
4790
9407
9411
9408
9409
9410
9412
8982
3778
8987
8988
8983
8984
8985
8986
8989
3789
8990
8993
8991
8992
9550
5114
9553
9556
9551
9552
9554
9555
3800
8999
8995
8996
8997
8998
9000
3804
9003
9006
9001
9002
9004
9005
9007
3808
9010
9013
9008
9009
9011
9012
9029
3841
9032
9035
9030
9031
9033
9034
8496
8495
8501
8502
8498
8497
8499
8500
8518
2667
8519
8524
8521
8520
8522
8523
12470
9090
3960
9095
9096
9092
9091
9093
9094
9101
3985
9106
9107
9103
9102
9104
9105
9110
9109
9113
9114
3995
9108
9111
9112
9133
4016
9138
9139
9135
9134
9136
9137
5178
9564
6116
12712
6117
15991
550
13218
14238
15003
3777
3779
15328
928
6118
4624
6119
5106
2305
7258
1462
11933
13139
11219
12395
14149
14823
15381
2306
6120
2527
13207
14436
929
15026
13077
3780
15227
11710
14822
14940
6836
1861
6122
286
6123
5107
2309
10826
14898
15517
11555
6124
15150
10827
930
7370
12890
11442
13665
10897
2310
12237
11935
7490
11966
11406
1463
15192
12169
6126
4641
4642
931
5313
1890
6128
2307
15849
1897
4643
4625
2311
12330
16218
11465
287
10398
7371
1712
13588
5108
6129
6398
14275
13000
288
2523
289
15304
1148
15826
11548
15565
4039
9146
9144
9145
2313
877
13102
3783
2314
10453
13642
6130
4664
7259
4661
5109
10974
11851
12543
5110
6551
13521
6978
934
2315
13488
6131
14884
4675
13708
290
935
5111
13938
3784
10957
5112
16657
11334
3785
7085
1464
2654
11524
1329
14948
597
10396
13135
1787
14130
15043
14866
4617
7083
14359
2316
12946
14313
6132
11234
15068
2317
3786
4662
5113
3787
12780
13519
6838
7260
6400
4200
15735
7261
7530
11694
10728
10729
2318
14853
12021
12805
11815
6839
10650
3788
14500
292
2319
2506
2320
13024
4644
6552
4618
10748
12377
11794
8117
12590
293
2621
8118
4619
16450
10096
10097
7262
10095
12569
8119
3790
1805
2321
4620
12442
13908
2459
16222
15945
6627
9957
9958
9959
9960
9961
10357
11729
12037
2655
8512
3791
8994
16211
4633
6133
294
1954
7263
6134
6135
10927
6840
7086
10038
10039
10040
10041
10042
10043
1419
13863
6136
10150
1713
7264
11496
6137
3792
7372
1855
14409
598
13076
7266
13014
12639
297
11985
13683
6140
6139
1856
13458
10098
10099
10100
7267
11528
6143
6142
6144
10730
6841
6145
4142
9194
9195
9196
9197
298
10828
9198
9199
9200
412
12653
11016
15874
14642
4646
9343
936
1465
8298
3795
10898
10569
10044
7088
10045
13241
8120
2325
13979
15144
7089
10046
10669
14254
4663
1466
4201
13864
5115
11455
4679
14672
14980
1844
6147
13301
14194
15477
7492
6148
7373
15327
938
14530
14565
4621
14531
13394
1788
15743
10951
494
10568
15624
6149
10860
16517
4676
8121
10323
8122
10324
4090
9186
5116
4677
13431
12887
3798
3745
1871
2326
7270
5117
3799
7268
1881
1467
6401
6150
10534
4681
10685
14482
11127
6151
12350
10101
9557
7269
5118
13130
939
7091
8463
8465
2327
8464
6403
15225
10731
6397
1714
5119
940
513
2542
10707
455
14956
12597
941
16422
10899
299
1468
3801
3802
1843
1420
3803
12175
2656
3805
3806
9478
9479
6155
6154
13928
6156
15593
15138
15352
5314
1924
2328
12711
11341
11340
11128
14339
13611
10900
6843
3807
16466
2513
2657
5315
1899
5120
2330
14457
7167
11220
6402
12205
12204
942
15075
13624
16469
15458
10457
6771
15478
7566
7168
4622
2331
6157
13650
514
6158
943
944
15491
14148
10332
10327
10325
8124
10326
10328
10330
10329
10331
1935
13553
6845
5316
4742
3809
4647
9344
9345
2394
12388
14599
15201
1243
5122
552
10102
7272
13967
1469
6689
9978
6667
11823
945
10651
946
2332
11928
13786
11607
15015
2334
2335
7493
2336
4743
12728
12885
6159
6160
6847
11221
13487
4627
7374
2337
6169
6585
8412
8413
1862
8411
3812
4158
9211
4626
2525
5319
6167
6164
3811
1789
2622
6165
302
4665
10686
5123
6162
5317
1815
2404
12888
15235
13522
14839
5318
3813
6168
16029
6161
3814
947
11250
13707
10535
13215
11812
10984
6170
12690
13962
10151
948
7273
3815
9014
12238
11551
11713
12992
16377
14648
11629
11619
7274
2444
4634
13405
12933
10961
10829
4635
1892
4797
4628
6171
5320
13730
2338
13784
304
10152
4650
7096
7095
7275
305
7494
8421
14659
10536
13865
2339
6404
3816
950
11348
2340
8125
7375
306
2341
15241
4651
14803
5321
15186
1584
3817
15937
6172
4652
5124
4673
10901
4653
4654
1470
8299
10830
8127
11651
11652
4629
8126
8128
3818
4669
10831
2342
6175
1851
5125
15560
6173
6174
2343
16467
13970
15220
5322
12810
12811
4630
6176
1246
5126
10832
15878
8129
14310
7098
13290
7099
8516
4631
13437
3819
9015
15884
8517
2344
3820
6177
7100
6178
10902
954
16429
8130
15263
4655
3821
13848
15046
6670
6668
6669
4814
2293
10764
6179
10103
7276
10104
10105
13355
3823
955
6185
8131
6181
6180
6182
6183
6184
6186
6187
12595
6188
15053
7499
6189
1873
6190
3824
6194
6191
14668
6192
11251
11997
11135
7277
12154
7102
12683
10833
3825
3826
2526
4041
4042
3827
10708
7101
3828
4846
1250
4672
13790
2208
16533
7465
13849
14938
3829
12404
11864
10709
10732
3830
13012
10475
10476
4632
15356
14942
6851
11252
3831
10611
3832
9019
9020
9023
9022
9021
10857
1471
11075
14398
11358
15069
16524
12959
6195
6196
7278
6197
14085
10616
3834
5128
6198
16223
7376
310
3836
3837
3838
957
4659
13379
3839
11608
6199
16427
5129
4143
9201
15090
16326
11679
3840
12891
15054
13811
11222
11861
14734
14018
6238
9388
4758
9384
4146
9385
9386
9387
12940
4159
5143
10872
10873
12995
9057
3910
9053
9054
10336
8140
10334
10333
10335
9055
9056
16345
5144
14036
12316
967
16231
6237
14033
4697
1528
1529
7281
11557
11466
7110
5145
1483
4702
9426
9425
12338
11873
12870
330
3912
3913
8141
968
6858
13447
11040
332
11450
5146
9349
9558
4698
5147
13622
13299
3915
3916
2365
3917
11271
9058
3918
3919
1530
14330
4700
5148
9350
9559
13251
11254
3920
6239
3921
4749
9381
9380
9382
1484
4699
10155
4750
4701
7569
333
14486
11685
13053
1531
334
9589
5333
9590
9591
5149
6240
3922
14091
1532
1269
8142
13069
5334
335
10837
12880
12881
12882
12883
4205
10954
14340
15350
4017
4751
972
4752
10263
336
4831
10480
4206
3923
12974
4753
4754
8144
12443
1423
1072
16013
9997
6879
9995
9996
14715
4756
4757
9383
15872
13637
16000
8467
8468
2367
12889
5150
10838
974
2460
3924
8145
6243
6242
2681
1792
9933
6561
15017
13044
1073
554
13891
13636
6244
11462
3327
3282
3283
15448
3284
8777
7203
4506
7451
10936
12830
5764
3330
10078
7206
10075
10076
10077
15623
5088
9541
9542
10912
6648
13696
2614
2615
2616
2617
2618
2619
9543
16417
258
1827
10943
14358
15329
11445
13668
10790
3285
6499
3286
14729
14730
3288
14379
14383
14380
14382
14378
14377
14381
16219
15972
14042
14040
14043
13792
14041
3287
15204
10634
13385
3289
5755
2175
2168
158
13775
15259
11531
12200
7524
8962
9171
6996
5756
3290
8778
8779
12795
6617
11776
10397
3292
3728
4077
3729
6216
13781
13780
13782
451
260
14776
261
1502
13257
7058
7681
11712
7204
11559
10541
5089
1602
3731
12088
9337
11518
9544
4597
3291
5090
13150
9339
13149
5000
9546
13802
9338
6369
9545
6048
6501
9824
9547
13856
1503
4598
13855
3293
4078
8785
9174
9172
8781
9173
8780
12822
8782
8783
12949
8967
8784
4503
3732
7122
8963
8964
3294
12929
8966
8965
10919
4079
4509
9177
5001
1323
9175
9818
9176
9820
15412
9821
489
1504
6500
262
9819
9822
5091
8219
9823
13725
15827
830
11666
8103
12988
13542
7059
13124
6049
11725
5092
13276
13133
5757
9340
584
9548
4094
4599
3317
5093
6997
15489
160
12331
3295
2276
161
12931
7161
11597
9826
13132
9825
12116
6502
13756
9827
15215
162
8310
7452
1505
11209
8976
14967
3735
3296
8975
13947
263
14670
8104
7327
1506
163
3736
10791
11405
16424
1814
7205
4596
4510
6050
5003
14408
15860
12364
4044
1458
12300
13535
12526
3738
3298
4600
10792
4601
628
7360
5004
4080
13776
9178
15750
3739
15379
12777
15378
8977
7683
8978
7682
8979
14583
8980
6051
517
15479
8105
4045
13886
15475
897
4511
5005
3740
2169
3741
5758
264
3300
11492
3301
11493
13066
13922
3302
13923
3303
15693
2170
5759
898
15086
3304
3742
3305
5761
604
3306
605
2171
9336
3307
4595
3308
2275
3309
8451
10635
8456
11440
8457
6773
8458
11977
8459
12529
8460
10365
8461
5006
8452
165
8453
3310
8454
542
8455
15274
6503
12840
166
8793
3312
3313
7684
6649
3314
167
7060
3316
2172
12525
585
12710
3319
6370
3320
3321
1140
169
834
11401
15646
3322
11601
1408
8266
3323
12030
12841
8807
3326
8802
8801
8806
8803
8805
8804
14376
2203
13785
707
170
11744
7328
4502
7685
2174
6687
4507
5007
1226
7686
14570
3328
10683
3329
15452
15626
13357
632
6618
13834
4508
4999
4505
5271
14461
7687
14724
11847
4712
3994
6254
13950
16371
15821
2374
11005
11930
14449
8151
14976
1543
10842
3954
13340
15106
15108
15107
13060
16523
6255
9060
3955
9062
9061
9065
9063
9064
9070
9066
9067
9068
9069
9071
9076
9072
9073
9074
9075
9077
9078
9079
9081
9080
9083
9082
9086
9084
9085
9089
9087
9088
6410
12769
5157
7387
983
984
8152
3957
10863
6256
8153
11981
11020
7121
15007
15594
10932
6864
13862
15859
4714
13537
1273
1491
11225
715
3958
3959
8154
353
13989
10156
11688
13892
1718
3961
12877
15289
8155
9097
3962
354
10933
14663
4161
12002
3963
1866
11991
3964
3965
6258
3966
3967
9209
11613
4147
16317
4759
1533
4711
8146
14619
337
11018
7434
1270
10839
14318
975
10160
3926
16316
6245
7113
1544
14193
14374
10355
10406
1534
1545
3927
14375
15996
9389
7424
3928
3929
11224
1535
12546
4704
1536
1485
4705
5151
3930
338
4761
9394
9390
9391
9392
9393
1903
7115
4762
8147
6246
2369
14855
8148
1537
1075
7448
525
12616
13485
4160
526
11716
10161
4710
13120
3931
4763
10544
9395
2609
8508
5185
12003
14804
12501
1538
13697
11914
10907
7570
5335
4849
11961
11867
12694
3932
6248
6249
10906
12935
3933
12012
11947
3934
341
4208
15844
11090
12706
12311
13050
3935
342
10677
12673
7513
9992
9994
9993
11746
13103
11748
8149
12939
12593
6259
13449
4719
4764
14290
11910
4765
3936
10858
343
3937
4766
10654
12036
13925
3938
3946
10840
344
3939
7511
345
13627
14499
16420
12118
12321
12871
12872
13027
15748
4707
3941
3940
10904
13059
346
11131
979
13808
8150
13422
1539
5153
1894
2368
4767
10841
3943
2371
16460
10671
1717
11368
347
13545
4706
9351
9352
9353
1271
348
13236
2372
980
14192
11407
350
6251
1333
14428
4703
3944
4768
9059
9396
14735
5154
1540
3945
2373
3947
7119
13163
7384
7385
7386
7120
13921
14809
14805
14806
14807
14808
12893
12897
16546
7441
5158
1424
6867
8274
9356
9563
15851
12808
982
15222
3950
11033
12136
11364
14509
985
1541
3968
6253
11834
589
5155
1546
3951
4715
1272
11335
15745
1719
13041
15087
14422
6260
5488
5337
7393
13968
10107
1080
7395
6411
7396
11499
7397
3969
9560
2455
5156
6565
12930
9561
1547
9562
4851
7406
11668
10109
4209
7413
6412
10110
7417
11720
7422
3970
7429
3971
6262
7445
6261
7446
356
7453
15369
10162
1051
7454
357
10163
10843
10174
986
10173
3973
10176
8156
10175
10177
10337
7458
10338
7460
13223
6453
1078
6562
7470
9934
10178
9935
10182
9936
10179
3974
10180
1548
3975
6678
4717
11830
11693
10181
5159
10183
3976
15382
10184
3977
10185
7571
10186
1936
7471
10187
12086
7472
16030
7126
10188
16462
10189
2376
7476
1081
10190
6264
10191
8157
7478
10339
10195
10340
7487
10341
10194
10342
10196
13154
10197
13390
7488
11423
7489
10198
3978
10199
6265
6266
7491
13020
7495
10200
12958
3979
7496
11041
10201
4770
1079
4210
7512
4211
14748
14774
6564
14755
10752
14785
8308
14770
1490
14789
988
14749
358
600
14772
13303
14781
13304
7402
14067
7403
14068
7405
989
7407
6267
7408
1053
7409
6268
8481
3980
2450
1275
5160
13975
9098
990
3983
9099
9100
15388
359
8478
2375
2377
8479
3987
8480
1083
9581
12411
5259
7127
9582
10165
3986
7456
3988
2378
10164
15330
10167
4720
10166
3989
10168
5161
10172
11556
10170
15071
10169
12686
10171
1054
3952
10202
5339
7498
3990
10207
11198
10211
3991
10204
3992
12068
7514
15152
10992
1488
3993
10753
15137
6563
4771
8158
6270
994
15318
11057
360
5340
1055
9937
4718
5162
9119
9357
9358
9359
9115
3996
3997
9116
9117
9118
6271
8159
12687
6413
13169
4713
10655
4772
6629
2379
11872
4000
8160
1832
8396
13705
7388
995
6272
4773
10409
4002
4709
7282
1057
11845
4003
4004
4005
9120
9122
4006
9121
9123
9125
9124
13623
9126
4007
6910
7128
10672
15226
14905
8161
13268
10538
13733
13413
5245
5249
5265
11106
13984
13980
9354
9355
10203
10205
10206
10208
10210
10209
10216
7500
10212
10213
10214
10215
10217
10219
10218
10221
10220
9024
9028
9027
3835
9025
9026
15935
12140
12836
14160
12596
12141
14035
13978
13633
14421
13072
13486
13226
13619
13618
12837
14623
7404
1542
13544
13915
13793
